1111111111111111111111111111111111111111111111111111111111111111111111111111111111111111111111111111111111111111
1000000000000001100100000100000110000010000000011000000000000001100000000000000110000000000000011000000000000001
1000000000000001100101010100111110000010000000011000000000000001122222202222222110000000000000011000000000000001
1000000000000001100001000100000112222210000000011000000000000001122222202222222110000000000000011000000000000001
1000000000000001111001110111000112222210000000011111111110000001122222202222222110000000000000011000000000000001
1000000000000001110011000001000112222210000000011000000010000001122222202222222110000000000000011000000000000001
1000000000000001110110011111011112222210000000011000000010000001122222202222222110000000000000011000000000000001
1000000000000001100110001010000112222210000000011222222210000001100000000000000110000000000000011000000000000001
1000000000000001110011000011100110000010000000011222222210222201122222202222222110000000000000011000000000000001
1000000000000001100001110110110112222210000000011222222210222201122222202222222110000000000000011000000000000001
1000000000000001100101110010000112222210000000011222222210222201122222202222222110000000000000011000000000000001
1000000000000001110010100010000112222210000000011222222210222201122222202222222110000000000000011000000000000001
1000000000000001100100100110110112222220000011111222222210222201122222202222222110000000000000011000000000000001
1000000000000001110000101100000112222220000010011222222210000001122222202222222110000000000000011000000000000001
1000000000000001100100100000100112222220000000011000000000000001122222202222222110000000000000011000000000000001
1111111111111111111111111111111111111111111111111111111111111111111111111111111111111111111111111111111111111111